                                                   The FREQ Procedure

Table of RIDRETH1 by RIDRETH1R

RIDRETH1           |  hispanic |  NH white |  NH black |  NH other |      Total
-------------------+-----------+-----------+-----------+-----------+-----------
Mexican American   |         4 |         0 |         0 |         0 |          4
                   |     20.00 |      0.00 |      0.00 |      0.00 |      20.00
                   |    100.00 |      0.00 |      0.00 |      0.00 |     100.00
                   |     57.14 |      0.00 |      0.00 |      0.00 |      20.00
-------------------+-----------+-----------+-----------+-----------+-----------
Other Hispanic     |         3 |         0 |         0 |         0 |          3
                   |     15.00 |      0.00 |      0.00 |      0.00 |      15.00
                   |    100.00 |      0.00 |      0.00 |      0.00 |     100.00
                   |     42.86 |      0.00 |      0.00 |      0.00 |      15.00
-------------------+-----------+-----------+-----------+-----------+-----------
Non-Hispanic White |         0 |         7 |         0 |         0 |          7
                   |      0.00 |     35.00 |      0.00 |      0.00 |      35.00
                   |      0.00 |    100.00 |      0.00 |      0.00 |     100.00
                   |      0.00 |    100.00 |      0.00 |      0.00 |      35.00
-------------------+-----------+-----------+-----------+-----------+-----------
Non-Hispanic Black |         0 |         0 |         4 |         0 |          4
                   |      0.00 |      0.00 |     20.00 |      0.00 |      20.00
                   |      0.00 |      0.00 |    100.00 |      0.00 |     100.00
                   |      0.00 |      0.00 |    100.00 |      0.00 |      20.00
-------------------+-----------+-----------+-----------+-----------+-----------
Other Race         |         0 |         0 |         0 |         2 |          2
                   |      0.00 |      0.00 |      0.00 |     10.00 |      10.00
                   |      0.00 |      0.00 |      0.00 |    100.00 |     100.00
                   |      0.00 |      0.00 |      0.00 |    100.00 |      10.00
-------------------+-----------+-----------+-----------+-----------+-----------
Total              |         7 |         7 |         4 |         2 |         20

                                                   The FREQ Procedure

Table of DMDEDUC2 by DMDEDUC2R

DMDEDUC2                                          |                      |less than high school |          high school |more than high school |                 Total
--------------------------------------------------+----------------------+----------------------+----------------------+----------------------+----------------------
                                                  |                    1 |                    0 |                    0 |                    0 |                     1
                                                  |                 5.00 |                 0.00 |                 0.00 |                 0.00 |                  5.00
                                                  |               100.00 |                 0.00 |                 0.00 |                 0.00 |                100.00
                                                  |                50.00 |                 0.00 |                 0.00 |                 0.00 |                  5.00
--------------------------------------------------+----------------------+----------------------+----------------------+----------------------+----------------------
Less Than 9th grade                               |                    0 |                    2 |                    0 |                    0 |                     2
                                                  |                 0.00 |                10.00 |                 0.00 |                 0.00 |                 10.00
                                                  |                 0.00 |               100.00 |                 0.00 |                 0.00 |                100.00
                                                  |                 0.00 |                40.00 |                 0.00 |                 0.00 |                 10.00
--------------------------------------------------+----------------------+----------------------+----------------------+----------------------+----------------------
9-11th Grade (Includes 12th grade with no diploma |                    0 |                    3 |                    0 |                    0 |                     3
                                                  |                 0.00 |                15.00 |                 0.00 |                 0.00 |                 15.00
                                                  |                 0.00 |               100.00 |                 0.00 |                 0.00 |                100.00
                                                  |                 0.00 |                60.00 |                 0.00 |                 0.00 |                 15.00
--------------------------------------------------+----------------------+----------------------+----------------------+----------------------+----------------------
High School Diploma (including GED)               |                    0 |                    0 |                    4 |                    0 |                     4
                                                  |                 0.00 |                 0.00 |                20.00 |                 0.00 |                 20.00
                                                  |                 0.00 |                 0.00 |               100.00 |                 0.00 |                100.00
                                                  |                 0.00 |                 0.00 |               100.00 |                 0.00 |                 20.00
--------------------------------------------------+----------------------+----------------------+----------------------+----------------------+----------------------
Some college or AA degree                         |                    0 |                    0 |                    0 |                    5 |                     5
                                                  |                 0.00 |                 0.00 |                 0.00 |                25.00 |                 25.00
                                                  |                 0.00 |                 0.00 |                 0.00 |               100.00 |                100.00
                                                  |                 0.00 |                 0.00 |                 0.00 |                55.56 |                 25.00
--------------------------------------------------+----------------------+----------------------+----------------------+----------------------+----------------------
College graduate or above                         |                    0 |                    0 |                    0 |                    4 |                     4
                                                  |                 0.00 |                 0.00 |                 0.00 |                20.00 |                 20.00
                                                  |                 0.00 |                 0.00 |                 0.00 |               100.00 |                100.00
                                                  |                 0.00 |                 0.00 |                 0.00 |                44.44 |                 20.00
--------------------------------------------------+----------------------+----------------------+----------------------+----------------------+----------------------
Don't Know                                        |                    1 |                    0 |                    0 |                    0 |                     1
                                                  |                 5.00 |                 0.00 |                 0.00 |                 0.00 |                  5.00
                                                  |               100.00 |                 0.00 |                 0.00 |                 0.00 |                100.00
                                                  |                50.00 |                 0.00 |                 0.00 |                 0.00 |                  5.00
--------------------------------------------------+----------------------+----------------------+----------------------+----------------------+----------------------
Total                                             |                    2 |                    5 |                    4 |                    9 |                    20

                                                   The FREQ Procedure

Table of DMDMARTL by DMDMARTLR

DMDMARTL              |marries/living with partner |  divorce/widowed/seperated |              never married |                       Total
----------------------+----------------------------+----------------------------+----------------------------+----------------------------
Married               |                          8 |                          0 |                          0 |                           8
                      |                      40.00 |                       0.00 |                       0.00 |                       40.00
                      |                     100.00 |                       0.00 |                       0.00 |                      100.00
                      |                      80.00 |                       0.00 |                       0.00 |                       40.00
----------------------+----------------------------+----------------------------+----------------------------+----------------------------
Widowed               |                          0 |                          2 |                          0 |                           2
                      |                       0.00 |                      10.00 |                       0.00 |                       10.00
                      |                       0.00 |                     100.00 |                       0.00 |                      100.00
                      |                       0.00 |                      40.00 |                       0.00 |                       10.00
----------------------+----------------------------+----------------------------+----------------------------+----------------------------
Divorced              |                          0 |                          2 |                          0 |                           2
                      |                       0.00 |                      10.00 |                       0.00 |                       10.00
                      |                       0.00 |                     100.00 |                       0.00 |                      100.00
                      |                       0.00 |                      40.00 |                       0.00 |                       10.00
----------------------+----------------------------+----------------------------+----------------------------+----------------------------
Separated             |                          0 |                          1 |                          0 |                           1
                      |                       0.00 |                       5.00 |                       0.00 |                        5.00
                      |                       0.00 |                     100.00 |                       0.00 |                      100.00
                      |                       0.00 |                      20.00 |                       0.00 |                        5.00
----------------------+----------------------------+----------------------------+----------------------------+----------------------------
Never Married         |                          0 |                          0 |                          5 |                           5
                      |                       0.00 |                       0.00 |                      25.00 |                       25.00
                      |                       0.00 |                       0.00 |                     100.00 |                      100.00
                      |                       0.00 |                       0.00 |                     100.00 |                       25.00
----------------------+----------------------------+----------------------------+----------------------------+----------------------------
Living with a partner |                          2 |                          0 |                          0 |                           2
                      |                      10.00 |                       0.00 |                       0.00 |                       10.00
                      |                     100.00 |                       0.00 |                       0.00 |                      100.00
                      |                      20.00 |                       0.00 |                       0.00 |                       10.00
----------------------+----------------------------+----------------------------+----------------------------+----------------------------
Total                 |                         10 |                          5 |                          5 |                          20

                                                   The FREQ Procedure

Table of BMXBMI by BMXBMIR

BMXBMI |                          |      underweight (<18.5) |normal weight (18.5-24.9) |     overweight (25-29.9) |            obesity (>30) |                     Total
-------+--------------------------+--------------------------+--------------------------+--------------------------+--------------------------+--------------------------
       |                        1 |                        0 |                        0 |                        0 |                        0 |                         1
       |                     5.00 |                     0.00 |                     0.00 |                     0.00 |                     0.00 |                      5.00
       |                   100.00 |                     0.00 |                     0.00 |                     0.00 |                     0.00 |                    100.00
       |                   100.00 |                     0.00 |                     0.00 |                     0.00 |                     0.00 |                      5.00
-------+--------------------------+--------------------------+--------------------------+--------------------------+--------------------------+--------------------------
17.9   |                        0 |                        1 |                        0 |                        0 |                        0 |                         1
       |                     0.00 |                     5.00 |                     0.00 |                     0.00 |                     0.00 |                      5.00
       |                     0.00 |                   100.00 |                     0.00 |                     0.00 |                     0.00 |                    100.00
       |                     0.00 |                    50.00 |                     0.00 |                     0.00 |                     0.00 |                      5.00
-------+--------------------------+--------------------------+--------------------------+--------------------------+--------------------------+--------------------------
18.2   |                        0 |                        1 |                        0 |                        0 |                        0 |                         1
       |                     0.00 |                     5.00 |                     0.00 |                     0.00 |                     0.00 |                      5.00
       |                     0.00 |                   100.00 |                     0.00 |                     0.00 |                     0.00 |                    100.00
       |                     0.00 |                    50.00 |                     0.00 |                     0.00 |                     0.00 |                      5.00
-------+--------------------------+--------------------------+--------------------------+--------------------------+--------------------------+--------------------------
19.4   |                        0 |                        0 |                        1 |                        0 |                        0 |                         1
       |                     0.00 |                     0.00 |                     5.00 |                     0.00 |                     0.00 |                      5.00
       |                     0.00 |                     0.00 |                   100.00 |                     0.00 |                     0.00 |                    100.00
       |                     0.00 |                     0.00 |                    14.29 |                     0.00 |                     0.00 |                      5.00
-------+--------------------------+--------------------------+--------------------------+--------------------------+--------------------------+--------------------------
20.8   |                        0 |                        0 |                        1 |                        0 |                        0 |                         1
       |                     0.00 |                     0.00 |                     5.00 |                     0.00 |                     0.00 |                      5.00
       |                     0.00 |                     0.00 |                   100.00 |                     0.00 |                     0.00 |                    100.00
       |                     0.00 |                     0.00 |                    14.29 |                     0.00 |                     0.00 |                      5.00
-------+--------------------------+--------------------------+--------------------------+--------------------------+--------------------------+--------------------------
21     |                        0 |                        0 |                        1 |                        0 |                        0 |                         1
       |                     0.00 |                     0.00 |                     5.00 |                     0.00 |                     0.00 |                      5.00
       |                     0.00 |                     0.00 |                   100.00 |                     0.00 |                     0.00 |                    100.00
       |                     0.00 |                     0.00 |                    14.29 |                     0.00 |                     0.00 |                      5.00
-------+--------------------------+--------------------------+--------------------------+--------------------------+--------------------------+--------------------------
22.1   |                        0 |                        0 |                        1 |                        0 |                        0 |                         1
       |                     0.00 |                     0.00 |                     5.00 |                     0.00 |                     0.00 |                      5.00
       |                     0.00 |                     0.00 |                   100.00 |                     0.00 |                     0.00 |                    100.00
       |                     0.00 |                     0.00 |                    14.29 |                     0.00 |                     0.00 |                      5.00
-------+--------------------------+--------------------------+--------------------------+--------------------------+--------------------------+--------------------------
22.7   |                        0 |                        0 |                        1 |                        0 |                        0 |                         1
       |                     0.00 |                     0.00 |                     5.00 |                     0.00 |                     0.00 |                      5.00
       |                     0.00 |                     0.00 |                   100.00 |                     0.00 |                     0.00 |                    100.00
       |                     0.00 |                     0.00 |                    14.29 |                     0.00 |                     0.00 |                      5.00
-------+--------------------------+--------------------------+--------------------------+--------------------------+--------------------------+--------------------------
23.5   |                        0 |                        0 |                        1 |                        0 |                        0 |                         1
       |                     0.00 |                     0.00 |                     5.00 |                     0.00 |                     0.00 |                      5.00
       |                     0.00 |                     0.00 |                   100.00 |                     0.00 |                     0.00 |                    100.00
       |                     0.00 |                     0.00 |                    14.29 |                     0.00 |                     0.00 |                      5.00
-------+--------------------------+--------------------------+--------------------------+--------------------------+--------------------------+--------------------------
24.9   |                        0 |                        0 |                        1 |                        0 |                        0 |                         1
       |                     0.00 |                     0.00 |                     5.00 |                     0.00 |                     0.00 |                      5.00
       |                     0.00 |                     0.00 |                   100.00 |                     0.00 |                     0.00 |                    100.00
       |                     0.00 |                     0.00 |                    14.29 |                     0.00 |                     0.00 |                      5.00
-------+--------------------------+--------------------------+--------------------------+--------------------------+--------------------------+--------------------------
25.6   |                        0 |                        0 |                        0 |                        1 |                        0 |                         1
       |                     0.00 |                     0.00 |                     0.00 |                     5.00 |                     0.00 |                      5.00
       |                     0.00 |                     0.00 |                     0.00 |                   100.00 |                     0.00 |                    100.00
       |                     0.00 |                     0.00 |                     0.00 |                    16.67 |                     0.00 |                      5.00
-------+--------------------------+--------------------------+--------------------------+--------------------------+--------------------------+--------------------------
26.3   |                        0 |                        0 |                        0 |                        1 |                        0 |                         1
       |                     0.00 |                     0.00 |                     0.00 |                     5.00 |                     0.00 |                      5.00
       |                     0.00 |                     0.00 |                     0.00 |                   100.00 |                     0.00 |                    100.00
       |                     0.00 |                     0.00 |                     0.00 |                    16.67 |                     0.00 |                      5.00
-------+--------------------------+--------------------------+--------------------------+--------------------------+--------------------------+--------------------------
27     |                        0 |                        0 |                        0 |                        1 |                        0 |                         1
       |                     0.00 |                     0.00 |                     0.00 |                     5.00 |                     0.00 |                      5.00
       |                     0.00 |                     0.00 |                     0.00 |                   100.00 |                     0.00 |                    100.00
       |                     0.00 |                     0.00 |                     0.00 |                    16.67 |                     0.00 |                      5.00
-------+--------------------------+--------------------------+--------------------------+--------------------------+--------------------------+--------------------------
27.8   |                        0 |                        0 |                        0 |                        1 |                        0 |                         1
       |                     0.00 |                     0.00 |                     0.00 |                     5.00 |                     0.00 |                      5.00
       |                     0.00 |                     0.00 |                     0.00 |                   100.00 |                     0.00 |                    100.00
       |                     0.00 |                     0.00 |                     0.00 |                    16.67 |                     0.00 |                      5.00
-------+--------------------------+--------------------------+--------------------------+--------------------------+--------------------------+--------------------------
28.7   |                        0 |                        0 |                        0 |                        1 |                        0 |                         1
       |                     0.00 |                     0.00 |                     0.00 |                     5.00 |                     0.00 |                      5.00
       |                     0.00 |                     0.00 |                     0.00 |                   100.00 |                     0.00 |                    100.00
       |                     0.00 |                     0.00 |                     0.00 |                    16.67 |                     0.00 |                      5.00
-------+--------------------------+--------------------------+--------------------------+--------------------------+--------------------------+--------------------------
29.1   |                        0 |                        0 |                        0 |                        1 |                        0 |                         1
       |                     0.00 |                     0.00 |                     0.00 |                     5.00 |                     0.00 |                      5.00
       |                     0.00 |                     0.00 |                     0.00 |                   100.00 |                     0.00 |                    100.00
       |                     0.00 |                     0.00 |                     0.00 |                    16.67 |                     0.00 |                      5.00
-------+--------------------------+--------------------------+--------------------------+--------------------------+--------------------------+--------------------------
30.5   |                        0 |                        0 |                        0 |                        0 |                        1 |                         1
       |                     0.00 |                     0.00 |                     0.00 |                     0.00 |                     5.00 |                      5.00
       |                     0.00 |                     0.00 |                     0.00 |                     0.00 |                   100.00 |                    100.00
       |                     0.00 |                     0.00 |                     0.00 |                     0.00 |                    25.00 |                      5.00
-------+--------------------------+--------------------------+--------------------------+--------------------------+--------------------------+--------------------------
31.6   |                        0 |                        0 |                        0 |                        0 |                        1 |                         1
       |                     0.00 |                     0.00 |                     0.00 |                     0.00 |                     5.00 |                      5.00
       |                     0.00 |                     0.00 |                     0.00 |                     0.00 |                   100.00 |                    100.00
       |                     0.00 |                     0.00 |                     0.00 |                     0.00 |                    25.00 |                      5.00
-------+--------------------------+--------------------------+--------------------------+--------------------------+--------------------------+--------------------------
33.4   |                        0 |                        0 |                        0 |                        0 |                        1 |                         1
       |                     0.00 |                     0.00 |                     0.00 |                     0.00 |                     5.00 |                      5.00
       |                     0.00 |                     0.00 |                     0.00 |                     0.00 |                   100.00 |                    100.00
       |                     0.00 |                     0.00 |                     0.00 |                     0.00 |                    25.00 |                      5.00
-------+--------------------------+--------------------------+--------------------------+--------------------------+--------------------------+--------------------------
35.2   |                        0 |                        0 |                        0 |                        0 |                        1 |                         1
       |                     0.00 |                     0.00 |                     0.00 |                     0.00 |                     5.00 |                      5.00
       |                     0.00 |                     0.00 |                     0.00 |                     0.00 |                   100.00 |                    100.00
       |                     0.00 |                     0.00 |                     0.00 |                     0.00 |                    25.00 |                      5.00
-------+--------------------------+--------------------------+--------------------------+--------------------------+--------------------------+--------------------------
Total  |                        1 |                        2 |                        7 |                        6 |                        4 |                        20

                                                   The FREQ Procedure

Table of SMQ020 by SMQ020R

SMQ020 |           |       Yes |        No |      Total
-------+-----------+-----------+-----------+-----------
1      |         0 |         9 |         0 |          9
       |      0.00 |     45.00 |      0.00 |      45.00
       |      0.00 |    100.00 |      0.00 |     100.00
       |      0.00 |    100.00 |      0.00 |      45.00
-------+-----------+-----------+-----------+-----------
2      |         0 |         0 |        10 |         10
       |      0.00 |      0.00 |     50.00 |      50.00
       |      0.00 |      0.00 |    100.00 |     100.00
       |      0.00 |      0.00 |    100.00 |      50.00
-------+-----------+-----------+-----------+-----------
7      |         1 |         0 |         0 |          1
       |      5.00 |      0.00 |      0.00 |       5.00
       |    100.00 |      0.00 |      0.00 |     100.00
       |    100.00 |      0.00 |      0.00 |       5.00
-------+-----------+-----------+-----------+-----------
Total  |         1 |         9 |        10 |         20

                                                   The FREQ Procedure

Table of HIQ011 by HIQ011R

HIQ011 |           |       Yes |        No |      Total
-------+-----------+-----------+-----------+-----------
1      |         0 |        15 |         0 |         15
       |      0.00 |     75.00 |      0.00 |      75.00
       |      0.00 |    100.00 |      0.00 |     100.00
       |      0.00 |    100.00 |      0.00 |      75.00
-------+-----------+-----------+-----------+-----------
2      |         0 |         0 |         3 |          3
       |      0.00 |      0.00 |     15.00 |      15.00
       |      0.00 |      0.00 |    100.00 |     100.00
       |      0.00 |      0.00 |    100.00 |      15.00
-------+-----------+-----------+-----------+-----------
7      |         1 |         0 |         0 |          1
       |      5.00 |      0.00 |      0.00 |       5.00
       |    100.00 |      0.00 |      0.00 |     100.00
       |     50.00 |      0.00 |      0.00 |       5.00
-------+-----------+-----------+-----------+-----------
9      |         1 |         0 |         0 |          1
       |      5.00 |      0.00 |      0.00 |       5.00
       |    100.00 |      0.00 |      0.00 |     100.00
       |     50.00 |      0.00 |      0.00 |       5.00
-------+-----------+-----------+-----------+-----------
Total  |         2 |        15 |         3 |         20


